-380437.17407 -2467557.82861 1638.361
-375153.303754 -2467558.01252 1665.961
-369869.671331 -2467557.93318 1694.283
-364585.803722 -2467557.65105 1717.897
-359301.658461 -2467557.16 1739.117
-354017.792395 -2467557.56767 1766.372
-348733.989325 -2467557.69516 1795.289
-412139.974523 -2462273.2122 1406.708
-406856.396705 -2462274.01774 1447.092
-401572.70809 -2462273.45746 1484.406
-396288.821702 -2462273.94035 1520.353
-391004.931473 -2462274.21854 1558.778
-385720.99519 -2462274.287 1598.278
-380437.400335 -2462274.07412 1629.45
-375153.24509 -2462273.70816 1654.919
-369869.346577 -2462273.05163 1682.5
-364585.406586 -2462273.33998 1707.497
-359301.633473 -2462273.33022 1729.053
-354018.153721 -2462274.19443 1758.217
-348734.154474 -2462273.63893 1789.522
-443843.04178 -2456989.40172 1142.892
-438559.757986 -2456990.66905 1193.969
-433275.555708 -2456989.55888 1244.478
-427991.652086 -2456990.66624 1266.836
-422708.042668 -2456989.15712 1299.153
-417424.209602 -2456989.9309 1341.978
-412139.935577 -2456989.39428 1390.078
-406856.625732 -2456990.91261 1433.2
-401572.59929 -2456989.93807 1473.656
-396288.82508 -2456989.9096 1509.322
-391004.638066 -2456989.71891 1546.744
-385721.037863 -2456990.39695 1585.8
-380437.182511 -2456989.66153 1618.092
-375153.395585 -2456989.85423 1641.653
-369869.450492 -2456989.7962 1666.919
-364585.479091 -2456990.65637 1693.375
-359301.945434 -2456989.9543 1718.922
-354017.866623 -2456990.22441 1749.62
-348734.312214 -2456990.10026 1779.544
-470262.325177 -2451705.83289 900.5389
-464978.885395 -2451706.17264 944.0167
-459695.174384 -2451706.48076 986.2944
-454410.934216 -2451705.58153 1034.914
-449127.200701 -2451706.89248 1087.117
-443843.499144 -2451705.65806 1137.106
-438559.574198 -2451705.53368 1182.606
-433275.804723 -2451706.43639 1227.325
-427991.733105 -2451706.02139 1262.389
-422708.156359 -2451706.54833 1297.819
-417424.198649 -2451705.74602 1334.692
-412140.416034 -2451707.12027 1377.828
-406856.401968 -2451705.9093 1418.311
-401572.70502 -2451705.62245 1457.322
-396288.658274 -2451705.15326 1494.364
-391004.834472 -2451705.59877 1530.561
-385720.999406 -2451705.78219 1568.497
-380437.110769 -2451705.69844 1601.467
-375153.305808 -2451706.51606 1625.386
-369869.60832 -2451705.8178 1649.878
-364585.476762 -2451706.07593 1678.475
-359301.544805 -2451705.98257 1708.175
-354017.76987 -2451705.53439 1740.822
-348733.848622 -2451705.96418 1767.919
-470262.742927 -2446422.37698 891.5361
-464978.808529 -2446422.63322 931.5278
-459694.832519 -2446421.5816 968.4972
-454410.78757 -2446421.63068 1015.933
-449126.837352 -2446421.52735 1070.769
-443843.579257 -2446422.3574 1122.658
-438559.691205 -2446421.9345 1168.225
-433275.553032 -2446422.58769 1211.858
-427991.560258 -2446421.8206 1255.133
-422708.082784 -2446421.96903 1296.975
-417424.017637 -2446422.00579 1336.611
-412140.176807 -2446421.77776 1375.569
-406856.286086 -2446422.52335 1404.203
-401572.530631 -2446422.99499 1434.967
-396288.678424 -2446422.01624 1473.914
-391004.642476 -2446421.9946 1514.0
-385721.227065 -2446422.78901 1554.489
-380437.163595 -2446422.18478 1584.103
-375153.204025 -2446422.4545 1603.958
-369869.547978 -2446422.3554 1627.361
-364585.725981 -2446421.94828 1657.761
-359301.868 -2446422.40191 1690.053
-354017.75395 -2446422.53637 1725.128
-348734.195137 -2446422.22369 1753.389
-470262.983554 -2441139.28286 880.6611
-464978.800556 -2441138.20863 914.3111
-459694.614962 -2441138.21343 950.2806
-454411.012759 -2441137.96492 998.0667
-449127.315157 -2441138.78552 1050.544
-443843.474413 -2441138.25443 1102.953
-438559.450082 -2441138.77901 1154.164
-433275.837671 -2441139.03176 1200.964
-427991.53821 -2441137.98949 1244.944
-422707.774513 -2441137.83457 1292.544
-417424.071208 -2441138.63761 1333.367
-412139.983601 -2441138.05194 1364.794
-406856.293478 -2441138.341 1381.872
-401572.332549 -2441138.40048 1408.444
-396288.910763 -2441138.08503 1451.739
-391004.707719 -2441137.5977 1498.958
-385721.329875 -2441139.07152 1542.019
-380437.136684 -2441137.94751 1567.647
-375153.247968 -2441138.84345 1583.914
-369869.49893 -2441138.1706 1605.85
-364585.779144 -2441138.33685 1638.167
-359301.865724 -2441138.16314 1674.136
-354017.886408 -2441138.81823 1708.2
-348734.049234 -2441139.06107 1735.383
-343450.311469 -2441138.88805 1760.669
-470262.572845 -2435854.21942 854.4722
-464978.85351 -2435855.31417 886.1167
-459695.129008 -2435855.04891 929.0333
-454411.1578 -2435854.66415 982.8583
-449127.113624 -2435855.31989 1032.886
-443843.372092 -2435854.51846 1085.15
-438559.46937 -2435854.74612 1139.606
-433275.573548 -2435854.75135 1188.931
-427992.067947 -2435854.45374 1230.786
-422708.2634 -2435855.16741 1276.175
-417424.134667 -2435854.47163 1319.119
-412140.043244 -2435854.6999 1344.419
-406856.594355 -2435854.53398 1356.255
-401572.663556 -2435855.35419 1385.553
-396288.670274 -2435854.67037 1431.378
-391004.955971 -2435854.82105 1481.919
-385720.860112 -2435854.69771 1530.819
-380437.373772 -2435855.33273 1557.308
-375153.235449 -2435854.50971 1569.778
-369869.616776 -2435854.4374 1591.233
-364585.617475 -2435855.24148 1624.958
-359301.691359 -2435854.44084 1662.667
-354017.890231 -2435855.61664 1695.203
-348733.908748 -2435854.00463 1721.089
-343450.38195 -2435854.29996 1748.839
-470262.584937 -2430570.60387 788.5278
-464978.699622 -2430570.37034 836.4417
-459694.851791 -2430571.16284 898.875
-454410.980444 -2430570.56202 966.9917
-449127.058595 -2430570.975 1018.725
-443843.248188 -2430571.14999 1070.697
-438559.50752 -2430571.0818 1125.694
-433275.794823 -2430570.76501 1178.153
-427991.644054 -2430570.26874 1223.042
-422708.065135 -2430570.60632 1266.419
-417423.959353 -2430570.75157 1309.98
-412140.133115 -2430570.55163 1333.717
-406856.316084 -2430571.2445 1344.325
-401572.495942 -2430570.41257 1374.122
-396288.595701 -2430570.46261 1416.356
-391004.989864 -2430571.32047 1460.783
-385721.256611 -2430570.63845 1508.883
-380437.303869 -2430570.82219 1541.369
-375153.324909 -2430570.62675 1554.447
-369869.277236 -2430570.04699 1576.139
-364585.718555 -2430570.18755 1607.975
-359301.750335 -2430571.1721 1645.925
-354017.9998 -2430571.69527 1680.469
-348733.831482 -2430570.64008 1709.803
-343450.132421 -2430571.46424 1741.258
-470262.768387 -2425287.27082 695.0528
-464978.980018 -2425286.87694 772.5084
-459695.030603 -2425286.31595 849.025
-454411.09723 -2425286.74732 929.2527
-449127.338084 -2425286.91932 994.8723
-443843.288219 -2425286.90452 1052.533
-438559.540416 -2425287.78652 1109.397
-433275.419278 -2425286.05602 1164.672
-427991.722843 -2425286.38033 1213.906
-422707.986786 -2425286.41775 1258.075
-417424.169133 -2425286.16237 1300.522
-412140.426678 -2425286.77808 1319.486
-406856.513533 -2425287.08933 1333.056
-401572.387536 -2425287.08957 1364.6
-396288.42976 -2425286.7029 1401.081
-391004.786807 -2425287.09668 1437.044
-385721.222475 -2425287.09572 1479.633
-380437.271076 -2425286.76179 1514.625
-375153.494837 -2425287.1945 1536.147
-369869.664857 -2425287.21685 1562.578
-364585.738565 -2425286.8236 1594.992
-359301.847219 -2425287.18301 1632.217
-354017.769242 -2425287.11634 1669.136
-348733.88519 -2425286.55684 1702.692
-343450.318629 -2425286.67588 1737.356
-470262.869986 -2420003.05591 598.8611
-464979.022879 -2420003.74952 700.1417
-459694.810436 -2420003.08249 783.1917
-454411.058953 -2420003.3 871.2
-449127.0805 -2420003.31023 954.5833
-443843.255782 -2420003.02814 1023.758
-438559.754694 -2420003.6165 1083.461
-433275.687351 -2420002.81064 1141.63
-427991.855034 -2420002.86362 1193.103
-422708.004194 -2420002.60206 1231.253
-417423.872182 -2420003.26241 1263.633
-412140.278159 -2420002.28168 1287.245
-406856.313832 -2420002.2114 1311.031
-401572.774301 -2420002.90335 1346.3
-396288.573363 -2420003.3222 1386.669
-391004.746575 -2420002.08223 1424.053
-385721.161358 -2420004.00225 1462.761
-380437.253893 -2420003.15154 1495.831
-375153.119601 -2420003.10595 1526.247
-369869.373934 -2420002.55694 1560.331
-364585.905419 -2420003.91207 1594.064
-359301.537055 -2420002.53674 1628.064
-354017.77283 -2420002.99234 1665.367
-348734.216497 -2420002.92947 1702.125
-343450.147193 -2420003.63929 1741.133
-464978.77682 -2414718.57699 617.1361
-459694.991789 -2414718.89015 715.9556
-454411.04353 -2414718.97521 815.9361
-449127.31188 -2414718.74652 908.9722
-443843.548232 -2414719.44395 980.5806
-438559.279329 -2414718.72608 1035.764
-433275.732819 -2414718.76841 1090.975
-427992.016491 -2414719.71903 1146.869
-422708.093208 -2414719.15963 1192.917
-417423.911193 -2414719.49443 1227.378
-412139.864576 -2414718.23296 1257.386
-406856.510078 -2414718.88053 1289.219
-401572.558393 -2414719.2354 1327.397
-396288.81016 -2414719.14992 1369.428
-391004.801617 -2414718.68833 1411.753
-385721.098971 -2414718.9478 1450.142
-380437.046203 -2414718.81958 1483.769
-375153.204388 -2414719.40299 1521.658
-369869.34384 -2414719.52169 1562.575
-364585.421949 -2414719.17058 1595.994
-359301.570632 -2414719.51766 1626.183
-354017.989005 -2414719.32304 1661.203
-348734.382387 -2414719.8186 1701.478
-343449.944887 -2414718.7107 1748.761
-464979.111766 -2409436.02208 549.9
-459694.925094 -2409435.06643 666.7833
-454410.822211 -2409435.01967 775.2583
-449126.957174 -2409434.63116 863.5056
-443843.503241 -2409435.06317 922.6666
-438559.357698 -2409435.29798 967.3833
-433275.740297 -2409435.09821 1020.167
-427991.768098 -2409434.6108 1083.011
-422708.024678 -2409434.92233 1142.125
-417424.460548 -2409436.02841 1189.483
-412140.205583 -2409435.65768 1231.461
-406856.263695 -2409434.82785 1269.303
-401572.367173 -2409434.77563 1306.222
-396288.886775 -2409435.42658 1340.833
-391004.741593 -2409435.74354 1386.083
-385721.150812 -2409435.51489 1431.9
-380437.23093 -2409434.87185 1472.436
-375153.304401 -2409436.15109 1516.086
-369869.614726 -2409435.70109 1560.197
-364585.640671 -2409435.99123 1593.658
-359301.823187 -2409434.54303 1622.094
-354017.803277 -2409434.99664 1657.822
-348734.194177 -2409436.05022 1702.611
-343450.190207 -2409435.4134 1753.544
-464978.682831 -2404151.50583 497.5583
-459695.005914 -2404151.53185 627.5167
-454411.210144 -2404151.27548 737.1444
-449127.052141 -2404151.97421 815.6194
-443843.310817 -2404151.05374 863.8945
-438559.538426 -2404150.99798 900.0028
-433275.68567 -2404151.80056 951.5444
-427991.706966 -2404151.04443 1019.719
-422707.978648 -2404151.05958 1087.336
-417423.828681 -2404150.7459 1149.831
-412140.455007 -2404152.28921 1206.036
-406856.589201 -2404151.0818 1251.722
-401572.566091 -2404151.86473 1286.689
-396288.588859 -2404150.98209 1311.294
-391004.774256 -2404152.00911 1358.222
-385720.920774 -2404151.36086 1413.072
-380436.94461 -2404151.44117 1460.311
-375153.032446 -2404151.00669 1503.661
-369869.322025 -2404151.22487 1547.661
-364585.585334 -2404150.91939 1585.364
-359301.53535 -2404151.32072 1618.847
-354017.960943 -2404152.29821 1659.278
-348734.05165 -2404151.56387 1707.706
-343450.107584 -2404151.45867 1757.742
-338166.33266 -2404150.74435 1796.569
-464978.977891 -2398868.36208 413.8389
-459695.207446 -2398868.28722 563.2917
-454411.340384 -2398867.90199 677.7083
-449127.335058 -2398867.19945 751.1333
-443843.365559 -2398867.33883 793.8722
-438559.801319 -2398868.23751 824.4083
-433275.752692 -2398867.63317 876.2389
-427992.02057 -2398867.77734 954.1306
-422707.930975 -2398867.5718 1032.414
-417424.063864 -2398868.10395 1108.653
-412140.168799 -2398868.20053 1174.172
-406856.622285 -2398867.78468 1226.247
-401572.740521 -2398868.16294 1260.889
-396288.699066 -2398868.08823 1285.478
-391004.874239 -2398867.48584 1340.925
-385720.993194 -2398867.58996 1406.456
-380437.424572 -2398868.32841 1456.206
-375153.333151 -2398867.4203 1496.286
-369869.644654 -2398868.30837 1535.294
-364585.766766 -2398867.47316 1575.422
-359301.77258 -2398868.48918 1615.539
-354017.92218 -2398867.70798 1662.1
-348734.10279 -2398867.53334 1711.878
-343450.263919 -2398867.96061 1758.319
-338166.189506 -2398867.81086 1794.667
-464979.098611 -2393584.3434 318.5861
-459694.861435 -2393584.24876 472.2111
-454410.967669 -2393583.73472 584.9389
-449127.176622 -2393584.04127 657.3833
-443843.222862 -2393583.99656 697.0195
-438559.482351 -2393583.5168 723.0833
-433275.706708 -2393583.8399 777.7583
-427991.637766 -2393583.79206 880.7139
-422707.857525 -2393584.45945 982.4028
-417423.908949 -2393583.50154 1064.664
-412140.159875 -2393583.24882 1127.033
-406856.560585 -2393583.69677 1179.95
-401572.447335 -2393583.74129 1221.975
-396288.613322 -2393583.2351 1257.367
-391004.980729 -2393584.58324 1326.086
-385720.926076 -2393584.26965 1403.278
-380437.018301 -2393583.39091 1452.111
-375153.398429 -2393583.1141 1491.847
-369869.598499 -2393583.50038 1536.208
-364585.389712 -2393583.3713 1582.77
-359301.740839 -2393583.76616 1620.408
-354018.01026 -2393583.57262 1663.394
-348734.326038 -2393583.95843 1712.244
-343450.051504 -2393583.80547 1755.639
-338166.562804 -2393584.10189 1792.358
-459695.00034 -2388300.42216 370.2972
-454411.121965 -2388299.78156 456.1306
-449126.9522 -2388300.01199 532.2528
-443843.475664 -2388299.7068 576.8723
-438559.614203 -2388300.2603 609.5278
-433275.940449 -2388300.3457 675.7972
-427991.99562 -2388300.03288 809.0361
-422707.737706 -2388299.31408 934.4583
-417423.94975 -2388300.44443 1019.231
-412140.386501 -2388299.84386 1083.361
-406856.577838 -2388299.98787 1129.961
-401572.694189 -2388299.62976 1177.733
-396288.88729 -2388299.93305 1231.358
-391004.915633 -2388299.72263 1307.447
-385720.925779 -2388300.16236 1387.375
-380437.097972 -2388300.00952 1439.525
-375153.389633 -2388299.25991 1484.961
-369869.704134 -2388300.31665 1535.331
-364585.446901 -2388299.65901 1584.347
-359301.945509 -2388300.66948 1624.5
-354017.786801 -2388299.95379 1664.342
-348734.111734 -2388299.72689 1710.3
-343450.036073 -2388300.10697 1752.114
-338166.176691 -2388299.79488 1790.478
-459694.954093 -2383015.72418 239.3778
-454410.941873 -2383016.20194 296.9167
-449127.269175 -2383016.19992 389.1306
-443843.695433 -2383016.95717 460.2722
-438559.742122 -2383016.13581 525.2361
-433275.79905 -2383016.06029 615.1667
-427991.607159 -2383015.55752 763.0722
-422707.954475 -2383016.88071 892.3195
-417424.170172 -2383016.52402 969.3111
-412140.005759 -2383015.72096 1035.8
-406856.45036 -2383015.48977 1096.128
-401572.622299 -2383015.96883 1158.431
-396288.693105 -2383015.91208 1226.839
-391004.812299 -2383016.48306 1299.317
-385721.156328 -2383016.43906 1369.63
-380437.453609 -2383017.01314 1426.583
-375153.285275 -2383015.85777 1476.678
-369869.577575 -2383016.414 1525.558
-364585.734799 -2383015.16462 1574.886
-359301.83601 -2383015.68246 1620.85
-354017.890697 -2383015.55544 1666.678
-348734.02758 -2383015.95105 1709.044
-343450.196059 -2383016.86489 1750.639
-338166.428363 -2383015.88653 1794.239
-459694.729666 -2377732.56479 166.9639
-454411.233343 -2377732.83804 208.2389
-449127.047934 -2377731.59766 284.2278
-443843.206801 -2377732.25149 387.1555
-438559.638002 -2377732.38707 497.4667
-433275.884642 -2377732.07563 606.1972
-427991.489761 -2377731.38452 745.9417
-422708.071271 -2377732.41628 869.6139
-417424.12708 -2377731.81433 946.9806
-412140.027464 -2377731.9053 1014.583
-406856.552602 -2377732.54017 1086.614
-401572.427855 -2377731.51998 1162.778
-396288.618006 -2377732.2731 1242.758
-391004.680796 -2377732.45677 1312.183
-385720.988722 -2377731.99733 1373.083
-380437.271489 -2377732.12771 1429.667
-375153.478863 -2377732.84229 1481.581
-369869.61121 -2377731.72857 1528.781
-364585.757284 -2377732.35884 1578.13
-359301.919868 -2377732.32163 1629.458
-354017.815631 -2377732.84594 1675.617
-348733.880059 -2377731.45825 1712.697
-343450.340494 -2377732.9062 1752.661
-338166.296642 -2377731.32145 1795.692
-459695.095607 -2372448.37583 135.6028
-454411.32975 -2372448.60579 193.5417
-449127.118151 -2372448.45772 263.3639
-443843.247176 -2372447.76732 388.1
-438559.69184 -2372448.93823 528.2083
-433275.756299 -2372448.46798 639.5056
-427991.616551 -2372447.51448 755.4528
-422708.06043 -2372448.33021 867.2889
-417424.000472 -2372447.48382 949.7306
-412140.424698 -2372448.39729 1019.972
-406856.460973 -2372448.80257 1096.047
-401572.48105 -2372448.62123 1177.183
-396288.6378 -2372449.01639 1261.947
-391005.10253 -2372448.74571 1332.892
-385721.194762 -2372449.11006 1393.092
-380436.903117 -2372447.69485 1449.392
-375153.161917 -2372447.93813 1500.55
-369869.316589 -2372448.73179 1545.803
-364585.550816 -2372448.835 1595.167
-359301.821782 -2372448.24318 1644.314
-354017.847421 -2372448.18522 1684.397
-348733.991205 -2372448.59353 1718.194
-343450.03271 -2372448.29129 1756.858
-338166.510156 -2372448.38695 1794.319
-459695.004761 -2367164.56323 170.4611
-454411.013255 -2367164.75009 263.3333
-449127.012486 -2367164.4513 343.4083
-443843.592234 -2367164.74778 466.7222
-438559.660899 -2367164.62465 601.3583
-433275.80308 -2367165.16237 698.7583
-427992.171511 -2367165.11419 787.0305
-422707.897832 -2367164.62307 883.4333
-417423.972008 -2367164.70001 974.4695
-412140.344252 -2367165.34125 1053.867
-406856.563243 -2367164.20704 1129.289
-401572.362535 -2367164.93569 1207.047
-396288.945799 -2367164.90442 1286.519
-391004.617981 -2367164.38581 1354.836
-385721.179714 -2367164.2684 1412.633
-380437.341331 -2367164.75173 1465.703
-375153.280223 -2367164.59192 1511.178
-369869.36683 -2367163.71761 1553.194
-364585.505938 -2367164.53013 1603.342
-359301.69694 -2367164.61906 1651.386
-354018.072175 -2367165.15138 1689.314
-348733.99519 -2367165.01202 1725.297
-343450.419377 -2367165.24556 1765.544
-338166.30014 -2367164.79571 1798.697
-332882.585621 -2367164.71095 1826.722
-454411.08429 -2361881.11322 402.8694
-449127.336406 -2361880.66577 487.075
-443843.366538 -2361880.94107 586.6
-438559.321146 -2361880.68943 691.6861
-433275.570521 -2361879.82841 768.6833
-427991.67077 -2361880.83507 828.9611
-422707.971591 -2361881.22164 908.7167
-417424.018613 -2361881.05626 1012.106
-412140.385529 -2361881.42655 1104.503
-406856.409083 -2361881.23198 1172.778
-401572.459159 -2361880.39434 1243.461
-396288.689402 -2361880.0765 1315.606
-391004.637477 -2361880.34212 1381.63
-385721.077651 -2361881.04894 1437.603
-380437.359045 -2361881.09143 1486.242
-375153.438994 -2361880.46311 1522.783
-369869.458056 -2361880.32767 1560.711
-364585.365769 -2361880.6793 1608.164
-359301.757894 -2361880.21542 1657.025
-354017.942664 -2361880.22924 1700.1
-348733.869414 -2361880.71422 1739.681
-343450.141408 -2361880.3715 1777.172
-338166.471217 -2361880.43009 1804.556
-332882.395756 -2361880.94358 1833.519
-454410.877653 -2356596.61189 533.65
-449127.015911 -2356596.09482 617.675
-443843.367322 -2356596.1938 695.725
-438559.471126 -2356596.98022 779.1611
-433275.474844 -2356597.20501 848.0444
-427991.74776 -2356596.78654 893.5555
-422708.04566 -2356596.96036 956.9194
-417424.318775 -2356597.72038 1056.517
-412140.109076 -2356596.72632 1146.758
-406856.196302 -2356596.2329 1209.558
-401572.530463 -2356596.23614 1273.15
-396288.650191 -2356596.80092 1338.267
-391004.722748 -2356596.68315 1399.517
-385720.896923 -2356597.04589 1453.861
-380437.344951 -2356596.64839 1501.533
-375153.387767 -2356596.78775 1538.381
-369869.797553 -2356597.32666 1578.167
-364585.520111 -2356597.2189 1624.469
-359301.746487 -2356596.26651 1672.311
-354017.963059 -2356596.93386 1718.503
-348734.175955 -2356596.81146 1759.906
-343450.101632 -2356597.12626 1789.383
-338166.343639 -2356596.58092 1812.278
-332882.778808 -2356597.57623 1842.414
-454411.225198 -2351313.49497 607.375
-449127.290947 -2351312.91069 698.2722
-443843.592789 -2351312.91331 775.6278
-438559.453647 -2351312.40974 852.0084
-433275.456628 -2351312.48002 922.6583
-427991.962476 -2351313.04396 978.7584
-422707.891106 -2351313.08024 1037.694
-417424.021115 -2351312.43312 1113.264
-412140.308906 -2351313.50332 1183.278
-406856.50139 -2351312.71316 1241.036
-401572.751688 -2351313.62906 1301.653
-396288.411488 -2351312.74138 1364.255
-391004.655308 -2351312.24082 1422.633
-385720.612146 -2351312.26019 1477.489
-380437.052452 -2351312.65905 1519.983
-375153.328851 -2351312.33096 1560.692
-369869.17224 -2351312.50393 1606.144
-364585.763237 -2351312.97868 1652.608
-359301.641208 -2351312.77235 1694.792
-354017.760288 -2351312.92244 1735.461
-348734.069745 -2351313.42537 1774.489
-343450.347622 -2351313.10556 1800.761
-338166.30899 -2351313.189 1824.558
-332882.557695 -2351312.37995 1854.278
-454411.238768 -2346029.51599 627.4778
-449127.501122 -2346030.02847 736.1167
-443843.38782 -2346030.01326 829.2778
-438559.675883 -2346029.30821 910.2278
-433275.719545 -2346029.22564 980.6223
-427991.666029 -2346028.51748 1044.039
-422707.893288 -2346029.50813 1105.814
-417424.130875 -2346028.62188 1168.269
-412139.935132 -2346028.32977 1225.639
-406856.277381 -2346029.6476 1277.858
-401572.500452 -2346029.07079 1332.986
-396288.554622 -2346028.9975 1391.042
-391004.799154 -2346029.35245 1457.081
-385720.991646 -2346028.96256 1525.361
-380437.279012 -2346028.99083 1543.9
-375153.201376 -2346029.49773 1580.786
-369869.342753 -2346029.17641 1631.803
-364585.842146 -2346029.19309 1677.633
-359301.650747 -2346028.49976 1713.464
-354017.89788 -2346029.30464 1747.272
-348734.17684 -2346029.26295 1782.075
-343450.206597 -2346029.60138 1811.894
-338166.176788 -2346029.08225 1840.561
-332882.62001 -2346028.81445 1871.733
-454410.890222 -2340744.67666 622.2139
-449127.173281 -2340745.12267 754.5528
-443843.324812 -2340746.17592 865.2333
-438559.676138 -2340745.34749 956.4445
-433275.806961 -2340745.1128 1027.783
-427991.667595 -2340745.4638 1086.036
-422707.814883 -2340745.07925 1144.567
-417424.006005 -2340745.19357 1205.592
-412140.191038 -2340745.80079 1261.778
-406856.525723 -2340745.65699 1308.681
-401572.559128 -2340744.8273 1356.003
-396288.446456 -2340744.47132 1407.558
-391004.954556 -2340744.44565 1467.667
-385720.807518 -2340744.95059 1531.611
-380436.990624 -2340744.60803 1557.086
-375153.239988 -2340744.64926 1593.836
-369869.505092 -2340745.06912 1643.889
-364585.553129 -2340744.69234 1688.497
-359301.700451 -2340745.85266 1724.572
-354017.765968 -2340744.97163 1758.214
-348733.829245 -2340745.6175 1793.072
-343450.304986 -2340745.32238 1829.081
-338166.502237 -2340745.37384 1860.117
-332882.37 -2340745.76496 1887.872
-449127.356462 -2335461.60622 765.625
-443843.37285 -2335461.40292 889.5722
-438559.644819 -2335461.69303 987.475
-433275.499114 -2335461.38293 1062.433
-427991.922356 -2335461.47873 1116.817
-422707.838628 -2335460.96017 1168.956
-417424.030014 -2335462.07593 1229.819
-412140.229176 -2335461.25137 1286.906
-406856.603473 -2335462.05102 1329.619
-401572.493179 -2335460.96913 1372.092
-396288.865352 -2335461.42936 1420.505
-391004.863414 -2335461.16173 1472.956
-385721.045292 -2335461.25872 1526.289
-380437.360583 -2335461.71579 1566.711
-375153.163429 -2335461.42472 1605.714
-369869.411436 -2335461.41671 1652.942
-364585.64637 -2335461.75287 1698.4
-359301.81754 -2335462.42766 1735.208
-354017.926965 -2335461.03267 1768.753
-348734.056222 -2335461.1356 1807.333
-343450.382023 -2335461.50019 1847.656
-338166.276159 -2335461.01017 1876.87
-332882.270041 -2335460.77143 1897.506
-449127.391699 -2330178.39501 759.7472
-443843.537436 -2330178.09972 897.1445
-438559.555118 -2330178.34566 996.4944
-433275.585332 -2330177.88559 1073.697
-427991.799897 -2330177.87763 1133.628
-422708.148996 -2330178.31653 1189.061
-417424.373962 -2330178.03137 1251.872
-412140.232018 -2330178.25285 1310.081
-406856.282867 -2330177.66398 1350.967
-401572.685145 -2330177.42667 1387.628
-396288.575261 -2330177.67555 1433.542
-391005.123008 -2330178.19641 1485.678
-385721.271316 -2330177.95459 1535.144
-380437.168234 -2330178.10993 1577.514
-375153.576642 -2330178.52405 1621.056
-369869.447007 -2330178.1548 1670.522
-364585.732808 -2330178.03526 1715.392
-359301.79625 -2330177.05566 1749.061
-354017.949898 -2330177.54957 1780.55
-348733.784729 -2330177.17103 1819.978
-343450.416167 -2330178.13472 1860.308
-338166.632059 -2330178.21628 1887.269
-332882.38915 -2330177.40792 1906.186
-327598.787055 -2330177.93124 1931.169
-449127.208865 -2324893.08673 726.2333
-443843.349126 -2324893.94066 881.2167
-438559.347098 -2324892.90298 983.7472
-433275.413366 -2324893.53339 1067.672
-427991.873359 -2324893.34761 1138.65
-422708.085149 -2324893.65419 1198.878
-417424.40458 -2324894.3721 1259.242
-412139.962625 -2324893.23648 1316.894
-406856.554103 -2324893.5211 1362.73
-401572.500874 -2324893.10407 1399.005
-396288.969762 -2324894.17036 1443.128
-391004.908009 -2324893.28384 1496.9
-385721.267675 -2324893.87088 1548.675
-380437.202493 -2324893.65863 1594.483
-375153.264011 -2324893.74152 1640.133
-369869.401621 -2324894.11472 1688.025
-364585.381283 -2324893.60394 1729.036
-359301.746564 -2324893.30957 1758.364
-354017.813259 -2324894.52236 1789.12
-348734.213319 -2324893.54117 1827.245
-343450.039992 -2324892.8845 1864.564
-338166.224132 -2324893.59625 1893.583
-449127.270924 -2319610.41112 702.6361
-443843.407085 -2319610.01266 854.8556
-438559.463262 -2319610.09642 956.2167
-433275.577252 -2319609.41588 1046.797
-427991.516897 -2319609.20361 1126.836
-422708.25423 -2319610.46874 1189.089
-417424.292992 -2319609.86104 1248.914
-412140.01271 -2319609.7003 1306.289
-406856.577823 -2319609.76497 1357.628
-401572.521707 -2319609.09865 1402.947
-396288.605314 -2319609.95513 1448.692
-391004.781954 -2319609.92685 1501.347
-385721.203103 -2319610.17605 1556.961
-380437.221885 -2319609.59707 1609.836
-375153.578246 -2319610.45245 1657.117
-369869.436225 -2319610.46597 1700.989
-449127.05585 -2314325.64149 691.7889
-443843.277847 -2314326.39416 833.8528
-438559.622377 -2314326.36024 925.95
-433275.861281 -2314326.77287 1013.481
-427991.514301 -2314325.29703 1093.078
-422707.992781 -2314325.26751 1158.917
-417424.221101 -2314325.66427 1228.692
-412140.149204 -2314326.47915 1292.35
-406856.125003 -2314325.23065 1347.831
-401572.316814 -2314325.48103 1399.219
-443843.114251 -2309041.84652 810.6611
-438559.611342 -2309042.9353 892.6083
-433275.585265 -2309042.11525 973.9973
